6 6 6 6 6 6 6 6 6 6 6 6
0.11 0.22 0.33 0.44 0.55 0.66 0.77 0.88 0.99 0.09 0.18 0.27 0.36 0.45 0.54 0.63 0.72 0.81 0.09 0.18 0.27 0.36 0.45 0.54 0.63 0.72 0.81 0.06 0.12 0.18 0.24 0.30 0.36 0.42 0.48 0.54 0.04 0.08 0.12 0.16 0.20 0.24 0.28 0.32 0.36 0.04 0.08 0.12 0.16 0.20 0.24 0.28 0.32 0.36
2 1 1 1 3 3
2 1 1 1 3 3
2 1 1 1 3 3
2 1 1 1 3 3
2 1 1 1 3 3
2 1 1 1 3 3
2 1 1 1 3 3
2 1 1 1 3 3
2 1 1 1 3 3
1 2 3 2 1 0
1 2 3 2 1 0
1 2 3 2 1 0
1 2 3 2 1 0
1 2 3 2 1 0
1 2 3 2 1 0
1 2 3 2 1 0
1 2 3 2 1 0
1 2 3 2 1 0
1 3 2 2 1 0
1 3 2 2 1 0
1 3 2 2 1 0
1 3 2 2 1 0
1 3 2 2 1 0
1 3 2 2 1 0
1 3 2 2 1 0
1 3 2 2 1 0
1 3 2 2 1 0
2 2 1 1 0 0
2 2 1 1 0 0
2 2 1 1 0 0
2 2 1 1 0 0
2 2 1 1 0 0
2 2 1 1 0 0
2 2 1 1 0 0
2 2 1 1 0 0
2 2 1 1 0 0
1 1 1 1 0 0
1 1 1 1 0 0
1 1 1 1 0 0
1 1 1 1 0 0
1 1 1 1 0 0
1 1 1 1 0 0
1 1 1 1 0 0
1 1 1 1 0 0
1 1 1 1 0 0
0 2 2 0 0 0
0 2 2 0 0 0
0 2 2 0 0 0
0 2 2 0 0 0
0 2 2 0 0 0
0 2 2 0 0 0
0 2 2 0 0 0
0 2 2 0 0 0
0 2 2 0 0 0