10 10 10 10 10 10 10 10 10 10 10 10
0.414 0.39 0.205 0.614 0.184 0.236 0.255 0.137 0.779 0.089 0.258 0.747 0.393 0.544 0.701 0.718 0.552 0.092 0.961 0.639 0.502 0.205 0.432 0.74 0.628 0.603 0.222 0.812 0.924 0.808 0.383 0.843 0.398 0.883 0.699 0.218 0.156 0.473 0.677 0.184 0.871 0.581 0.347 0.085 0.97 0.734 0.542 0.694 0.794 0.09
2 4 4 3 2 2 5 4 4 2 5 6
7 3 2 5 2 10 1 2 1 2 3 1
2 0 2 3 5 3 2 4 1 3 3 2
2 3 2 5 2 4 4 4 3 5 3 5
3 2 2 1 3 2 2 3 2 2 2 2
2 1 4 1 1 3 3 2 1 0 3 2
2 4 2 2 4 6 2 3 3 2 1 5
1 3 3 1 1 3 3 5 2 2 2 2
1 1 0 3 5 3 3 2 6 1 4 5
0 4 1 3 5 3 5 3 2 3 0 3
5 3 3 4 5 1 3 2 4 3 7 3
6 4 4 5 3 3 3 1 4 0 2 4
1 3 2 3 5 2 4 3 6 4 2 1
3 5 1 4 2 2 3 2 3 3 3 9
3 5 5 2 2 1 3 6 2 4 1 0
4 5 1 5 5 2 2 5 1 5 5 7
3 3 2 9 3 4 4 2 0 5 1 2
4 1 3 7 0 4 3 4 3 4 3 2
0 3 2 1 4 5 3 3 2 4 1 6
4 2 7 1 3 1 5 0 3 0 4 0
1 7 4 4 6 3 6 6 3 3 6 3
4 6 2 2 3 3 3 2 3 2 5 4
0 1 1 1 2 8 4 3 4 3 3 3
3 6 4 4 1 3 6 6 2 4 2 2
3 2 4 4 1 1 1 1 2 2 2 2
0 3 2 1 6 2 2 3 3 1 1 1
2 2 5 4 3 4 1 4 0 0 2 3
3 2 1 2 4 2 6 2 4 2 2 3
2 5 5 2 2 7 4 0 3 1 1 1
4 5 1 1 1 3 2 4 9 1 5 1
5 4 5 5 2 4 2 5 4 6 6 5
2 3 0 4 6 4 3 2 1 4 3 3
3 5 2 6 3 6 3 3 7 2 1 2
5 3 5 2 3 5 0 2 1 1 1 2
9 5 1 3 3 8 4 4 2 4 0 1
2 5 3 4 1 3 3 2 1 3 4 5
2 4 2 6 3 2 1 6 3 2 2 0
7 2 0 1 5 2 3 4 0 3 5 1
3 3 5 2 3 4 4 2 2 4 5 0
2 3 2 2 4 2 2 4 2 3 2 1
4 5 2 3 1 1 3 3 4 4 1 4
3 4 3 1 3 5 4 2 2 0 2 6
1 3 3 1 2 3 4 0 4 4 2 3
3 3 5 2 4 7 2 2 4 2 5 2
4 5 5 3 1 1 2 2 2 4 3 3
7 2 4 3 4 2 3 2 1 2 0 4
3 3 0 7 2 4 4 1 1 0 2 1
2 1 1 1 4 5 3 3 5 2 4 1
4 4 2 5 2 1 4 3 3 4 2 3
1 4 2 2 2 2 2 1 4 4 3 0
