10 10 10 10 10 10 10 10 10 10 10 10
0.414 0.39 0.205 0.614 0.184 0.236 0.255 0.137 0.779 0.089 0.258 0.747 0.393 0.544 0.701 0.718 0.552 0.092 0.961 0.639 0.502 0.205 0.432 0.74 0.628 0.603 0.222 0.812 0.924 0.808 0.383 0.843 0.398 0.883 0.699 0.218 0.156 0.473 0.677 0.184 0.871 0.581 0.347 0.085 0.97 0.734 0.542 0.694 0.794 0.09
1 4 5 1 4 1 2 3
1 3 3 1 1 3 2 2
1 1 5 1 2 4 1 5
2 5 5 1 1 4 6 3
1 3 1 3 3 3 4 1
2 3 3 1 3 1 2 2
4 3 4 3 2 3 4 1
1 3 1 2 2 3 5 4
3 4 6 5 1 1 3 1
3 2 9 3 1 3 3 3
6 2 3 2 5 3 4 5
5 3 5 6 1 1 1 1
4 3 4 4 2 4 4 3
1 8 4 1 5 1 1 3
7 3 1 1 3 2 4 3
3 4 2 4 5 1 3 3
2 2 1 4 6 1 5 3
3 4 2 4 3 4 1 4
1 4 8 4 3 1 3 4
4 2 6 2 2 5 1 5
3 3 2 4 1 5 7 4
5 3 2 4 3 3 5 1
3 2 1 2 4 3 4 2
3 4 1 3 5 3 2 5
3 2 1 2 1 3 2 2
5 3 3 4 2 1 1 2
1 8 3 3 1 2 1 1
2 3 7 3 3 4 5 2
5 2 2 7 3 2 3 4
4 6 2 5 3 2 1 2
5 1 2 3 2 5 5 3
3 4 5 1 3 2 3 1
4 3 2 2 4 2 2 1
3 3 8 1 2 6 2 3
3 3 3 3 3 1 3 1
1 4 2 3 1 3 4 1
2 1 2 2 1 1 2 4
3 6 2 5 5 1 4 2
2 2 2 1 2 3 5 3
3 3 2 3 2 3 1 7
2 6 2 4 3 1 5 2
1 3 5 3 2 1 4 3
2 1 1 1 4 5 7 4
3 3 1 5 2 1 4 5
2 2 8 2 4 6 1 3
3 3 1 2 5 4 3 2
2 5 3 3 2 2 2 2
5 7 7 4 3 2 2 2
3 3 6 1 8 1 2 2
4 5 1 2 2 2 3 3