10 10 10 10
0.414 0.39 0.205 0.614 0.184 0.236 0.255 0.137 0.779 0.089 0.258 0.747 0.393 0.544 0.701 0.718 0.552 0.092 0.961 0.639 0.502 0.205 0.432 0.74 0.628 0.603 0.222 0.812 0.924 0.808 0.383 0.843 0.398 0.883 0.699 0.218 0.156 0.473 0.677 0.184 0.871 0.581 0.347 0.085 0.97 0.734 0.542 0.694 0.794 0.09 0.481 0.324 0.413 0.044 0.276 0.572 0.008 0.436 0.209 0.372 0.956 0.548 0.083 0.474 0.532 0.922 0.203 0.621 0.474 0.053 0.367 0.133 0.222 0.976 0.943 0.733 0.165 0.766 0.811 0.453 0.61 0.948 0.182 0.967 0.516 0.677 0.181 0.038 0.113 0.024 0.176 0.486 0.701 0.84 0.43 0.084 0.96 0.436 0.648 0.089 0.147 0.318 0.633 0.006 0.391 0.338 0.14 0.536 0.416 0.206 0.922 0.807 0.998 0.057 0.656 0.217 0.454 0.264 0.559 0.414 0.845 0.783 0.13 0.363 0.964 0.712 0.488 0.945 0.058 0.135 0.757 0.885 0.736 0.615 0.798 0.766 0.155 0.623 0.964 0.419 0.128 0.099 0.122 0.148 0.304 0.179 0.182 0.42 0.15 0.947 0.213 0.902 0.575 0.327 0.79 0.512 0.818 0.24 0.867 0.264 0.121 0.879 0.843 0.371 0.191 0.695 0.075 0.514 0.295 0.012 0.6 0.853 0.049 0.346 0.222 0.387 0.409 0.345 0.843 0.832 0.409 0.396 0.425 0.834 0.38 0.548 0.095 0.186 0.901 0.039 0.946 0.382 0.739 0.878 0.409 0.79 0.455 0.236 0.319 0.875 0.671 0.232 0.67 0.738 0.319 0.109 0.896 0.705 0.739 0.322 0.224 0.783 0.829 0.729 0.691 0.729 0.256 0.393 0.304 0.449 0.77 0.983 0.083 0.904 0.449 0.432 0.987 0.93 0.263 0.072 0.516 0.301 0.929 0.702 0.896 0.329 0.808 0.489 0.547 0.131 0.953 0.918 0.263 0.442 0.903 0.298 0.42 0.992 0.675 0.847 0.626 0.164 0.29 0.389 0.695 0.695 0.619 0.884 0.634 0.683 0.732 0.451 0.2 0.389 0.345 0.909 0.203 0.354 0.005 0.684 0.364 0.712 0.303 0.988 0.871 0.198 0.913 0.681 0.684 0.176 0.809 0.656 0.268 0.673 0.427 0.761 0.771 0.888 0.724 0.237 0.419 0.882 0.883 0.354 0.673 0.41 0.004 0.116 0.514 0.545 0.208 0.002 0.535 0.318 0.973 0.689 0.766 0.172 0.524 0.804 0.826 0.455 0.956 0.211 0.271 0.767 0.872 0.757 0.427 0.48 0.574 0.544 0.642 0.635 0.787 0.647 0.851 0.784 0.621 0.788 0.295 0.206 0.757 0.022 0.108 0.826 0.315 0.078 0.595 0.033 0.985 0.06 0.427 0.307 0.379 0.995 0.571 0.642 0.972 0.728 0.603 0.589 0.303 0.199 0.775 0.103 0.885 0.813 0.405 0.409 0.809 0.177 0.272 0.472 0.337 0.132 0.899 0.134 0.924 0.458 0.889 0.871 0.712 0.719 0.399 0.429 0.576 0.978 0.733 0.184 0.369 0.257 0.213 0.281 0.475 0.587 0.865 0.912 0.717 0.392 0.189 0.847 0.935 0.96 0.491 0.587 0.915 0.641 0.911 0.938 0.488 0.681 0.174 0.077 0.545 0.246 0.471 0.536 0.016 0.118 0.338 0.816 0.506 0.074 0.344 0.671 0.752 0.005 0.584 0.697 0.546 0.282 0.649 0.013 0.597 0.327 0.424 0.268 0.17 0.14 0.603 0.943 0.049 0.407 0.038 0.049 0.351 0.524 0.236 0.569 0.774 0.3 0.163 0.858 0.45 0.059 0.713 0.794 0.428 0.236 0.825 0.194 0.12 0.497 0.176 0.28 0.283 0.673 0.374 0.073 0.574 0.941 0.203 0.795 0.573 0.178 0.719 0.363 0.669 0.983 0.835 0.548 0.084 0.762 0.695 0.117 0.743 0.129 0.845 0.141 0.154 0.559 0.089 0.034 0.778 0.526 0.663 0.389 0.171 0.363 0.892 0.802 0.735 0.238 0.63 0.623 0.779 0.992 0.626 0.165 0.349 0.792 0.055 0.915 0.351 0.829 0.641 0.447 0.193 0.315 0.184 0.757 0.114 0.151 0.509 0.659 0.99 0.534 0.749 0.953 0.013 0.237 0.386 0.939 0.699 0.813 0.1 0.802 0.814 0.242 0.581 0.455 0.751 0.812 0.617 0.896 0.912 0.083 0.898 0.837 0.166 0.897 0.912 0.859 0.171 0.793 0.455 0.383 0.26 0.321 0.604 0.047 0.599 0.407 0.021 0.308 0.972 0.163 0.136 0.967 0.012 0.903 0.293 0.83 0.57 0.303 0.298 0.127 0.505 0.438 0.821 0.075 0.042 0.363 0.168 0.622 0.7 0.325 0.867 0.343 0.68 0.335 0.825 0.849 0.992 0.036 0.386 0.834 0.278 0.625 0.233 0.562 0.155 0.711 0.691 0.019 0.783 0.884 0.962 0.296 0.757 0.41 0.43 0.525 0.733 0.923 0.794 0.234 0.179 0.537 0.417 0.056 0.218 0.248 0.664 0.267 0.168 0.864 0.581 0.097 0.446 0.005 0.58 0.967 0.03 0.858 0.207 0.135 0.923 0.977 0.185 0.645 0.308 0.063 0.902 0.261 0.188 0.594 0.783 0.441 0.153 0.004 0.956 0.66 0.037 0.516 0.406 0.96 0.457 0.076 0.17 0.603 0.239 0.35 0.446 0.136 0.49 0.939 0.627 0.094 0.379 0.515 0.164 0.239 0.752 0.587 0.497 0.214 0.733 0.876 0.103 0.447 0.627 0.207 0.928 0.82 0.178 0.138 0.487 0.756 0.919 0.255 0.177 0.862 0.703 0.263 0.172 0.668 0.529 0.689 0.82 0.517 0.94 0.892 0.871 0.557 0.08 0.241 0.247 0.538 0.233 0.704 0.722 0.432 0.405 0.537 0.575 0.075 0.248 0.257 0.332 0.786 0.579 0.343 0.508 0.194 0.1 0.813 0.643 0.031 0.966 0.04 0.448 0.064 0.323 0.195 0.948 0.052 0.679 0.3 0.19 0.275 0.922 0.946 0.688 0.262 0.011 0.592 0.544 0.303 0.201 0.744 0.374 0.117 0.164 0.353 0.399 0.146 0.714 0.313 0.544 0.267 0.203 0.464 0.058 0.967 0.982 0.028 0.364 0.238 0.145 0.623 0.081 0.855 0.882 0.389 0.019 0.368 0.964 0.326 0.912 0.385 0.251 0.552 0.158 0.799 0.076 0.023 0.03 0.181 0.217 0.228 0.352 0.636 0.263 0.779 0.965 0.073 0.661 0.001 0.445 0.117 0.674 0.447 0.083 0.709 0.865 0.997 0.745 0.379 0.51 0.434 0.572 0.898 0.385 0.787 0.573 0.927 0.661 0.27 0.335 0.73 0.354 0.828 0.12 0.28 0.544 0.25 0.066 0.953 0.035 0.225 0.274 0.334 0.636 0.105 0.278 0.898 0.315 0.637 0.64 0.249 0.218 0.453 0.682 0.456 0.535 0.018 0.617 0.762 0.269 0.08 0.796 0.393 0.125 0.756 0.019 0.29 0.507 0.783 0.965 0.924 0.827 0.721 0.453 0.437 0.814 0.952 0.773 0.329 0.522 0.241 0.62 0.711 0.548 0.945 0.893 0.888 0.109 0.939 0.294 0.408 0.794 0.214 0.07 0.606 0.948 0.287 0.465 0.761 0.502 0.347 0.61 0.088 0.714 0.021 0.049 0.577 0.086 0.65 0.133 0.884 0.42 0.197 0.434 0.905 0.679 0.674 0.601 0.593 0.019 0.021 0.125 0.819 0.329 0.224 0.209 0.684 0.656 0.11 0.014 0.441 0.851 0.962 0.9 0.294 0.188 0.859 0.139 0.839 0.793 0.708 0.294 0.182 0.723 0.426 0.108 0.318 0.863 0.19 0.77 0.429 0.396 0.647 0.099 0.08 0.276 0.972 0.54 0.312 0.257 0.87 0.745 0.163 0.772 0.281 0.746 0.127 0.036 0.767 0.62 0.849 0.072 0.257 0.485 0.401 0.132 0.91 0.298 0.613 0.496 0.223 0.867 0.883 0.789 0.514 0.314 0.849 0.459 0.259 0.513 0.26 0.65 0.189 0.471 0.291 0.153 0.195 0.338 0.523 0.132 0.822 0.515 0.236 0.629 0.364 0.617 0.529 0.073 0.233 0.57 0.446 0.801 0.149 0.587 0.001 0.346 0.743 0.805 0.752
0 0 2 2
1 1 2 2
0 0 1 2
1 0 1 0
1 1 1 1
0 2 0 1
1 0 1 1
1 1 0 1
0 2 3 3
0 0 1 1
2 2 0 2
2 1 1 2
2 2 1 2
0 2 0 0
0 1 1 1
1 0 1 0
1 1 2 1
0 3 0 0
1 1 4 1
1 2 2 2
0 1 1 1
3 2 0 1
1 0 1 0
1 0 1 1
2 1 1 3
2 1 1 0
2 2 4 3
0 3 1 0
0 0 3 0
0 0 0 1
1 1 0 0
0 0 1 1
2 2 2 0
1 0 2 1
0 0 1 1
2 3 0 2
0 1 2 0
0 1 1 1
2 1 0 2
0 1 2 1
0 2 2 2
1 1 0 1
1 1 1 0
2 1 1 0
1 1 4 1
1 1 1 1
0 4 0 1
0 2 0 2
2 1 0 0
0 1 1 1
2 1 1 2
1 1 0 1
0 0 0 1
0 1 0 2
0 0 0 1
0 2 0 0
1 2 5 0
0 0 2 1
0 1 0 2
1 1 0 1
1 2 0 1
1 0 2 1
0 1 0 2
2 0 1 1
1 2 0 1
2 0 0 1
1 1 1 1
1 1 3 0
0 1 0 2
1 2 1 1
1 1 2 1
2 1 1 2
0 1 4 1
3 2 2 1
1 1 1 1
0 0 1 2
2 0 0 0
0 0 0 0
0 1 1 1
1 2 0 1
3 0 4 1
0 1 0 0
1 1 1 0
1 0 0 0
1 2 0 2
1 0 0 1
2 1 1 0
0 0 1 2
0 1 0 0
0 0 0 0
1 0 1 2
0 0 1 2
1 0 0 2
2 2 1 0
1 1 1 1
1 0 1 1
1 0 0 1
1 0 2 1
0 0 0 2
0 2 1 0
0 0 0 0
1 1 1 0
2 1 1 0
0 2 2 0
0 1 2 1
0 2 1 2
1 1 2 1
2 1 1 1
1 2 0 4
1 0 1 0
2 2 0 0
0 0 0 0
0 0 2 0
1 0 0 0
0 2 0 0
0 1 2 0
0 1 0 0
0 0 1 0
1 1 3 2
0 1 3 1
2 1 0 2
1 0 3 1
1 0 2 0
1 0 1 2
2 2 0 2
2 1 0 1
1 0 0 3
0 1 0 1
0 1 3 0
1 0 2 0
0 0 1 2
0 1 2 1
2 1 1 0
1 1 1 2
3 1 1 1
2 3 2 0
0 2 1 0
1 1 0 2
2 1 0 1
0 1 2 0
0 0 0 0
2 2 3 1
2 1 1 1
0 0 0 1
0 1 1 0
0 2 1 0
0 0 2 1
0 4 1 0
0 0 0 0
1 2 0 1
0 0 1 0
1 2 1 1
0 0 0 0
0 0 2 0
4 2 1 2
1 1 1 0
2 1 0 0
1 0 1 1
1 1 3 1
2 2 0 0
0 1 0 2
1 0 1 1
0 1 1 1
1 2 1 0
2 1 0 0
1 1 2 1
0 2 0 3
1 2 1 1
3 3 2 1
2 0 2 2
1 0 0 0
1 2 1 0
1 1 2 2
2 2 1 0
0 0 0 1
0 1 2 1
1 0 1 0
2 3 2 4
1 1 2 1
1 1 2 2
1 1 1 1
0 1 0 2
1 0 1 0
2 0 3 1
0 0 2 0
1 0 3 0
3 0 0 3
3 2 1 0
0 1 0 1
2 2 0 0
3 1 1 1
0 1 0 1
1 2 1 1
1 1 2 0
1 3 1 0
0 0 2 2
0 2 0 0
2 0 0 2
0 1 1 1
2 3 1 2
1 0 2 0
0 1 0 2
1 0 3 2
0 1 0 0
1 0 1 1
0 0 1 2
1 3 0 1
2 0 2 0
2 1 3 2
0 1 1 3
0 0 1 1
0 0 0 0
2 1 1 1
1 3 2 1
3 1 1 1
2 1 1 1
1 2 0 0
2 1 0 1
0 2 0 1
0 1 1 1
1 1 1 2
1 2 0 0
0 2 2 0
4 1 1 0
0 2 0 0
0 1 1 1
2 0 2 0
0 0 2 0
0 0 1 3
0 0 0 0
0 1 2 1
2 1 0 0
0 0 1 0
3 1 3 0
1 1 2 2
0 0 0 0
0 1 1 0
3 1 1 1
2 2 0 0
2 2 1 1
2 1 2 3
0 2 1 3
1 1 0 1
0 0 1 2
0 1 0 1
2 1 0 2
0 0 0 2
1 0 1 0
0 0 2 3
0 0 1 2
2 0 2 1
1 2 3 1
1 0 1 1
3 0 2 1
2 2 1 1
1 3 1 1
2 1 2 2
0 1 1 1
0 1 1 0
1 0 1 1
0 1 1 0
2 3 1 0
0 1 1 0
1 1 1 0
1 2 1 1
0 2 2 0
0 1 0 1
0 3 3 1
1 0 2 2
0 1 1 1
0 1 0 0
2 1 4 0
1 1 0 1
0 1 1 2
1 1 0 0
1 1 0 3
2 1 0 0
2 1 3 1
2 2 0 1
1 0 1 0
1 2 1 0
0 0 1 1
0 2 1 0
0 1 0 2
1 0 2 3
0 1 4 2
1 0 0 3
0 3 2 4
0 1 0 1
1 0 2 0
1 0 1 1
2 1 1 3
0 1 0 2
1 1 0 0
3 2 0 3
1 1 2 0
0 1 1 0
0 1 2 1
1 0 0 2
1 0 0 0
1 1 1 1
3 1 1 0
1 0 0 0
1 0 0 0
0 0 2 1
2 2 0 2
1 0 3 1
0 1 2 2
3 0 0 1
2 3 2 1
1 0 0 0
2 2 0 4
0 0 1 1
0 1 0 0
2 2 3 2
2 2 0 1
0 1 2 0
1 0 1 2
1 2 0 2
2 0 0 0
2 2 2 0
1 0 0 0
2 2 1 0
2 2 1 1
2 1 0 0
3 1 2 3
0 0 0 1
0 2 0 1
2 1 2 1
1 1 0 1
0 0 0 1
1 0 1 1
1 0 0 0
0 0 1 0
1 0 0 1
1 2 1 1
3 1 1 2
4 3 1 1
2 1 2 2
0 0 0 1
2 3 0 2
1 1 4 0
1 1 1 0
0 2 3 1
1 1 1 2
0 1 2 2
0 1 0 0
1 2 0 1
1 1 1 1
1 0 0 1
0 0 0 2
2 1 2 2
3 3 1 0
2 1 2 0
2 2 0 1
3 1 2 3
1 1 0 0
0 0 1 1
1 1 1 0
1 0 1 1
1 0 0 1
1 0 1 3
2 1 0 0
3 1 0 0
3 0 1 0
1 0 1 1
0 1 1 0
2 1 0 1
1 2 1 1
1 1 0 2
0 1 1 0
1 2 1 0
1 2 0 0
2 1 3 0
0 1 3 2
0 0 0 2
0 0 1 0
1 0 2 0
1 1 0 2
1 2 1 1
1 0 1 2
1 0 0 1
0 1 1 2
0 0 1 0
3 0 1 0
0 1 0 0
0 0 0 0
1 0 1 0
0 0 1 0
0 1 2 1
1 0 1 1
2 2 2 0
2 1 2 1
0 0 1 1
1 1 1 0
1 2 0 0
0 1 0 1
4 0 0 1
0 1 0 0
0 3 1 2
1 1 1 1
2 2 1 1
0 3 2 1
0 0 1 0
1 2 0 1
3 0 0 2
2 0 0 1
0 1 1 0
1 1 1 1
1 0 0 1
0 1 1 0
2 1 2 1
0 0 0 0
2 1 3 1
0 1 5 0
0 2 2 0
0 2 2 1
1 1 2 1
1 1 0 2
3 1 0 1
2 1 1 0
1 1 0 0
2 0 0 1
0 0 1 1
2 1 0 0
1 0 3 0
2 0 1 1
1 2 2 0
1 1 0 0
1 1 2 0
1 1 1 1
1 1 0 0
0 0 3 0
2 1 2 0
1 3 0 0
2 2 1 1
1 1 0 1
1 4 2 4
0 0 0 0
0 1 1 1
1 0 1 1
1 1 0 1
0 0 1 0
3 0 1 1
0 0 2 0
2 1 1 2
0 2 1 0
0 1 0 3
1 1 1 2
1 1 2 0
1 1 0 1
1 1 2 0
1 0 0 2
1 0 1 0
1 1 2 1
2 0 2 2
0 0 1 3
0 3 2 2
2 1 2 1
3 1 1 3
1 0 1 0
2 3 2 2
1 2 0 1
0 0 1 0
0 1 1 1
3 0 0 0
0 0 0 2
1 1 2 0
0 0 3 0
0 1 2 1
0 4 0 0
1 2 2 0
0 0 2 2
1 0 2 1
2 1 3 0
0 1 2 0
0 1 1 2
0 1 2 2
0 2 3 2
1 2 0 2
1 4 1 0
2 0 1 2
1 0 1 1
0 0 0 1
2 1 1 2
2 2 2 2
0 0 0 1
1 0 0 3
2 1 0 1
0 1 3 2
1 1 4 0
0 0 2 1
0 0 1 1
2 2 1 1
0 2 1 1
0 0 1 1
0 1 1 0
1 2 0 1
1 0 0 1
2 2 1 1
0 2 2 4
0 0 1 1
1 0 1 0
1 0 3 2
1 3 0 1
0 0 2 2
2 1 4 1
0 0 0 2
1 1 2 2
2 2 2 1
1 0 1 2
1 0 0 0
0 1 1 2
1 1 0 0
2 2 1 1
1 0 4 3
2 0 1 2
2 0 1 0
3 2 0 1
1 1 1 0
1 0 2 0
0 0 2 3
1 1 1 0
0 2 0 0
2 3 2 3
4 2 1 3
1 0 1 0
0 1 0 2
2 1 1 4
1 3 1 3
1 0 1 2
3 0 0 2
2 1 2 2
5 3 1 0
0 3 0 1
2 1 0 1
1 2 1 1
1 0 0 1
0 0 0 2
1 1 2 2
1 2 3 0
0 1 0 0
1 2 3 2
1 3 0 0
2 2 1 2
1 1 0 2
1 1 0 3
2 0 2 2
1 2 1 2
2 0 0 1
0 0 2 0
2 1 1 0
1 0 1 2
1 1 2 1
0 1 1 3
1 3 0 0
1 0 4 1
2 0 1 1
5 0 0 2
0 0 2 2
4 2 0 0
1 1 1 0
1 0 3 1
2 2 0 0
0 1 0 0
0 1 2 1
2 0 1 1
2 1 0 1
0 1 0 1
0 1 0 3
0 2 3 1
2 1 0 1
1 1 1 1
0 1 0 1
1 0 1 1
0 2 0 0
1 0 3 4
0 1 0 1
1 0 0 1
1 0 1 1
0 3 2 1
1 2 0 1
2 1 1 0
1 1 2 2
1 1 3 0
0 0 3 1
0 0 2 0
2 0 0 0
2 1 1 1
1 0 0 1
1 2 0 1
0 0 1 0
0 1 0 1
2 4 0 0
0 0 1 1
1 1 1 1
0 2 0 2
2 2 3 0
1 1 1 1
1 2 1 1
0 1 1 1
0 1 2 0
1 0 0 0
0 0 1 0
1 1 2 1
0 1 2 0
2 0 1 0
3 1 1 1
0 0 0 1
0 1 1 0
1 0 3 0
0 0 1 1
1 1 0 0
1 1 0 2
0 5 2 3
1 0 0 1
0 0 2 0
2 0 1 2
3 3 2 2
1 1 2 0
2 2 0 1
2 2 3 1
1 3 3 1
0 3 1 0
0 1 1 3
1 2 0 2
3 0 0 2
1 2 0 0
1 3 1 3
0 0 0 2
3 1 0 1
1 0 1 1
1 0 2 1
0 0 0 1
1 1 1 0
2 2 1 0
1 1 2 0
1 0 2 1
0 0 1 0
1 1 2 1
1 1 1 2
0 2 0 0
2 0 0 1
1 1 1 0
0 2 1 1
0 0 2 0
0 0 0 0
3 1 1 0
1 2 0 2
0 2 0 1
1 1 0 2
2 1 2 2
2 2 2 1
2 3 1 0
1 0 1 1
1 1 0 1
2 1 1 0
0 1 2 2
1 1 0 0
2 2 0 0
2 2 0 2
1 1 0 0
0 2 0 0
1 0 0 1
1 2 0 1
2 1 1 1
1 0 1 1
2 0 1 2
2 1 1 1
2 1 1 0
1 0 1 1
1 1 1 2
2 0 0 0
0 1 0 0
0 1 0 1
0 2 0 0
0 2 1 1
0 0 3 0
2 1 1 2
0 2 0 0
2 1 2 1
0 1 1 1
1 1 2 0
2 1 0 1
2 0 3 0
0 1 0 1
1 1 1 1
0 2 0 0
1 0 2 1
1 1 0 2
0 0 1 5
0 1 1 4
1 1 0 0
2 0 0 0
0 3 0 2
1 0 0 2
2 2 1 0
0 1 1 0
1 0 0 0
1 0 2 1
2 1 1 1
2 1 1 2
0 3 1 1
0 0 0 3
2 0 0 1
1 0 0 0
0 4 0 3
0 0 1 0
0 0 1 1
0 0 0 1
1 1 0 1
2 0 0 1
1 0 0 1
2 1 1 1
3 1 0 0
0 1 2 2
1 1 0 1
0 2 2 1
0 0 0 0
0 0 1 0
2 1 0 0
2 0 1 2
2 0 1 0
1 1 1 0
2 1 2 1
0 0 0 3
1 1 2 1
2 3 1 2
1 2 1 3
2 3 2 1
0 0 1 1
1 2 0 0
3 2 1 0
3 1 0 0
2 1 2 0
1 1 0 0
1 1 1 0
1 1 0 1
1 0 2 1
2 1 0 0
3 0 0 1
0 0 2 0
1 3 3 2
2 2 1 1
2 0 0 1
0 0 1 0
1 2 1 0
1 3 1 1
1 2 1 2
1 1 1 1
1 0 2 0
0 1 1 1
1 0 1 2
0 0 0 0
2 0 1 1
1 1 1 1
2 0 1 2
1 0 0 1
0 0 0 1
0 1 0 2
4 1 0 1
0 1 1 1
0 1 0 2
2 1 1 0
3 0 1 0
0 1 0 2
0 3 0 1
2 1 0 1
2 1 1 1
0 0 1 2
2 2 3 1
0 0 1 0
1 1 0 1
0 0 2 2
3 0 1 0
0 2 2 2
0 0 1 0
3 0 1 0
0 0 0 1
3 0 1 2
1 1 2 1
1 3 0 0
2 1 1 1
1 1 0 1
2 1 1 1
2 1 0 0
1 1 0 4
1 2 1 0
2 1 0 0
0 1 2 1
0 1 2 0
2 1 0 1
0 3 1 1
1 3 2 1
1 0 0 0
1 0 2 1
0 0 1 2
0 1 0 0
0 0 2 1
2 1 0 0
3 1 0 0
1 1 0 1
1 2 0 0
2 0 1 0
0 1 3 3
0 2 2 1
2 2 0 2
1 1 1 2
0 1 0 0
0 0 1 3
0 1 2 1
3 0 1 0
2 1 2 0
2 0 0 0
0 2 1 1
0 3 1 3
1 0 1 0
1 1 1 1
1 1 1 1
0 0 0 1
0 2 1 4
0 1 1 0
2 2 2 0
0 2 1 2
2 4 0 1
0 0 0 1
1 0 0 0
1 1 2 1
2 0 0 1
3 2 0 1
1 2 0 1
0 4 2 0
0 3 1 0
1 1 0 1
2 1 3 0
1 0 3 0
1 1 0 0
0 1 2 1
2 1 0 0
2 1 1 2
3 0 1 3
1 0 3 1
0 0 1 4
0 0 2 1
4 3 1 0
1 1 1 0
2 2 0 0
2 1 0 2
0 0 0 2
1 0 0 2
1 1 2 1
1 1 0 0
3 1 1 0
1 1 1 0
1 0 1 3
3 1 5 1
1 0 1 1
0 2 1 2
1 1 0 0
0 1 0 1
2 2 1 1
1 1 2 1
1 1 3 1
1 0 2 1
0 2 0 1
0 0 2 0
1 1 1 0
0 2 1 5
2 0 1 1
1 1 3 0
1 0 0 2
0 1 0 0
0 1 0 0
2 1 0 1
1 1 1 0
1 0 0 2
2 0 1 0
2 0 3 1
1 0 2 2
1 1 1 1
1 0 3 2
1 0 1 1
2 0 2 1
1 0 1 2
1 1 1 1
0 2 1 0
2 0 0 1
1 1 0 0
1 0 0 1
0 2 1 4
0 1 1 0
1 1 4 2
0 0 3 2
2 1 4 1
2 0 1 0
2 2 0 2
1 2 1 1
0 0 1 2
0 0 1 2
2 1 0 0
0 1 0 0
0 2 4 1
1 1 2 0
1 2 1 1
1 1 0 1
2 0 1 3
1 0 1 2
1 2 1 2
0 1 1 1
1 1 1 1
1 0 0 3
1 0 0 0
0 0 0 1
0 1 1 2
2 2 4 2
2 2 7 2
1 1 4 0
0 0 0 0
3 1 1 1
2 1 1 1
0 0 2 2
2 3 1 1
0 1 0 1
0 1 2 1
0 1 0 0
2 1 1 0
2 2 0 2
0 1 0 1
1 0 2 0
0 1 0 1
1 1 1 1
1 1 1 1
0 2 0 0
3 1 0 0
1 1 0 2
0 3 1 0
0 2 2 0
1 1 1 0
1 2 1 1
1 1 0 2
2 1 0 1
1 0 0 0
0 1 1 0
1 3 1 1
0 0 0 1
2 1 1 2
1 1 0 0
2 2 0 2
0 3 0 1
0 1 0 0
0 0 1 2
2 1 1 0
1 2 1 1
1 0 3 4
0 0 0 0
2 0 0 0
2 2 2 1
0 0 0 1
0 2 0 0
2 1 2 2
0 2 0 2
0 1 1 0
0 0 1 0
1 1 1 1
2 0 0 2
0 1 1 1
1 1 1 3
0 0 1 2
1 2 0 2
0 0 1 0
0 0 2 5
0 0 2 0
0 0 0 0
0 2 0 3
1 1 0 2
1 1 0 0
0 0 1 0
4 1 0 3
2 0 0 2
0 0 0 1
0 0 2 0
2 0 1 1
1 0 1 0
1 0 0 2
1 0 1 0
1 0 2 0
0 0 0 1
1 0 0 2
1 1 0 0
0 0 3 1
1 2 1 0
1 2 1 1
1 2 2 1
1 0 1 0
1 0 1 1
0 0 0 1
1 2 0 0
1 0 2 1
1 0 1 0
1 2 0 2