10 10 10 10 10 10 10 10
0.414 0.39 0.205 0.614 0.184 0.236 0.255 0.137 0.779 0.089 0.258 0.747 0.393 0.544 0.701 0.718 0.552 0.092 0.961 0.639 0.502 0.205 0.432 0.74 0.628 0.603 0.222 0.812 0.924 0.808 0.383 0.843 0.398 0.883 0.699 0.218 0.156 0.473 0.677 0.184 0.871 0.581 0.347 0.085 0.97 0.734 0.542 0.694 0.794 0.09
2 0 3 0 0 0 0 0
0 1 0 0 2 1 0 2
3 1 1 0 2 2 0 1
2 0 2 1 0 2 0 2
0 0 0 1 2 2 1 0
2 1 0 0 1 1 0 0
3 1 0 2 0 1 0 0
3 1 0 1 1 0 0 0
0 2 0 2 1 1 0 2
0 3 0 2 2 1 1 1
0 2 0 2 1 1 0 0
2 1 1 1 2 0 0 0
3 1 0 2 1 3 2 1
1 2 1 2 0 0 2 0
1 1 0 2 1 0 3 0
2 0 3 2 0 1 3 2
0 1 1 1 3 3 2 1
0 0 3 2 1 1 3 0
1 0 0 1 1 1 1 1
2 1 0 3 0 1 1 0
0 1 1 1 1 3 1 1
0 0 0 0 2 0 0 1
2 1 2 0 1 2 1 0
1 0 0 1 0 0 2 1
0 1 0 0 2 1 1 1
1 1 1 2 1 3 1 0
3 2 2 1 0 1 2 1
1 0 1 2 1 1 1 0
2 0 0 1 4 2 3 1
0 1 2 1 0 1 1 3
3 0 1 1 1 1 1 1
0 1 2 1 2 0 1 1
1 3 0 0 0 0 0 1
1 1 0 2 1 0 0 1
0 1 0 0 2 1 1 0
2 1 1 0 0 2 1 1
2 0 2 2 2 1 0 0
1 0 0 2 0 1 1 2
0 2 0 1 0 2 0 0
1 1 2 1 0 1 1 1
0 3 2 2 1 1 0 2
0 2 1 2 2 1 1 2
1 1 0 0 2 1 0 3
0 1 0 0 2 1 1 1
0 2 0 2 1 0 2 1
1 0 2 2 1 0 0 2
2 1 3 1 0 3 1 1
1 2 2 0 4 0 0 1
1 1 1 1 2 0 1 0
1 0 0 0 1 4 1 1
